Format is mapname stuff coordinates(x,y)
Title Herculaneum* 38,25,44,18,124,17,125,25,159,20,162,24,159,40,163,80,132,85,135,94,135,134,124,161,27,166,19,162,17,132,26,96,31,93,26,73,37,64,37,26 Pompeii* 208,60,264,23,306,9,382,15,442,33,470,81,404,130,364,144,344,149,323,144,303,147,287,152,267,145,243,152,241,140,228,138,229,128,234,123,231,120,236,113,233,103,237,101,231,92,231,89,227,84,222,88,217,84,221,79,214,73,207,63
Pompeii I.4* 729,608,770,657,825,623,782,578 I.6* 788,578,830,621,876,591,839,544 I.7* 839,542,903,613,925,604,878,519 I.8* 881,522,925,598,955,579,911,503
I.4 0
I.6 0
I.7 0
I.8 I.8.1* 126,204,94,224,120,273,95,286,42,197,105,159 I.8.2* 126,146,151,190,186,168,273,328,250,340,234,320,139,372,96,290,119,273,98,226,129,203,103,157 I.8.3* 128,142,151,188,184,170,161,124 I.8.4* 159,124,191,174,224,155,196,105 I.8.5* 196,104,226,152,192,172,348,453,411,417,439,455,492,426,385,234,372,240,332,175,344,163,313,110,247,142,217,93 I.8.6* 220,89,246,145,296,125,268,73,218,89 I.8.7* 266,67,292,125,337,99,309,45 I.8.8* 0 I.8.9* 305,45,337,97,318,110,346,159,335,172,370,237,384,234,427,303,466,376,567,318,386,3 I.8.10* 567,320,468,378,492,423,445,455,502,554,661,470,567,320 I.8.11* 0 I.8.12* 749,627,627,717,693,818,814,736,749,623 I.8.13* 818,740,680,828,771,970,906,892 I.8.14* 771,970,680,826,691,814,661,770,590,811,599,831,565,865,666,1034 I.8.15* 672,1032,636,980,526,1036,556,1102,666,1036 I.8.16* 526,1038,634,980,560,866,460,924,524,1038 I.8.17* 459,925,603,833,590,813,663,770,629,715,751,623,659,470,502,556,552,646,364,754 I.8.18* 363,756,554,648,479,526,290,630 I.8.19* 290,629,481,526,415,419,346,455,273,327,252,341,234,324,142,369
Herculaneum3 Central_Baths* 275,80,283,99,234,129,275,192,352,147,301,63 College_of_the_Augustales* 341,38,357,65,389,46,383,40,396,31,383,12 House_of_the_Black_Hall* 339,123,356,114,345,93,365,83,372,91,418,65,438,96,352,146
III 3* 104,269,169,270,170,348,150,349,150,354,136,355,139,392,106,390 5* 104,269,137,269,137,243,127,243,127,234,104,234
V 19* 179,164,211,163,212,177,207,178,207,183,195,183,195,177,185,178,180,180 24* 198,76,204,76,204,73,210,72,210,68,222,68,222,82,229,82,230,125,198,127
Herculaneum4 I.8* 144,843,140,417,300,404,302,751,236,766,241,838 I.8.3* 133,192,252,192,252,229,133,229 I.8.5* 271,59,296,59,296,90,285,90,285,75,271,75 I.8.9* 321,131,335,131,336,125,363,123,364,200,321,201 I.8.10* 489,270,469,270,469,287,486,289 I.8.13* 492,451,474,452,472,446,463,446,461,438,424,442,424,471,436,471,438,491,494,490 I.8.14* 492,451,474,452,472,446,463,446,461,438,424,442,424,471,436,471,438,491,494,490 I.8.15* 488,235,405,239,407,273,486,268,488,268 I.8.16* 466,271,407,271,405,296,416,295,416,304,444,304,449,370,489,365,486,287,469,287 I.8.17* 449,349,433,349,433,370,450,370 I.8.18* 396,370,394,326,403,326,403,296,416,295,416,303,446,304,447,348,432,348,432,371
Herculaneum Building* 908,267 Building* 907,268,943,321,792,410,760,359 Building* 853,375,940,522,922,533,955,581,918,605,791,411 Central Baths* 1001,212,1153,463,956,581,922,532,941,523,852,375,943,321,908,268 House of the Two Atria* 1054,177,1166,361,1111,394,1000,211 House of the Black Saloon* 1128,297,1190,263,1210,297,1316,235,1333,260,1339,257,1348,271,1376,255,1388,272,1356,290,1366,306,1342,320,1356,342,1153,463,1111,394,1165,360 House of the Tuscan Colonnade* 1058,184,1128,298,1190,264,1210,297,1324,231,1312,212,1341,198,1332,185,1304,199,1292,183,1264,199,1247,172,1167,217,1124,146 College of the Augustales* 1119,137,1248,59,1286,115,1252,134,1268,159,1168,217 Building* 1303,140,1268,159,1253,134,1286,115 Building* 1321,167,1303,141,1247,172,1264,198 Building* 1332,184,1321,168,1293,183,1303,199 Building* 1340,198,1353,216,1324,232,1313,212 Building* 1353,217,1368,240,1332,260,1317,236 Building* 1369,241,1377,255,1348,271,1339,256 Building* 1388,272,1412,309,1357,342,1342,320,1367,306,1356,290 Building* 740,384,756,409,685,453,694,467,677,478,653,438 House of the Wooden Screen* 756,410,807,491,780,507,859,638,809,669,800,654,792,658,786,648,772,656,714,563,726,557,677,478,695,467,685,453 Building* 808,491,815,503,787,519,781,507 Building* 816,503,873,587,841,607,787,519 Building* 873,588,893,617,859,638,841,607 Building* 787,681,808,669,799,654,792,657,786,648,772,657 Building* 910,232,902,219,884,230,871,220,816,253,826,269,815,276,821,286 House of Galba* 821,286,789,304,723,189,772,137,871,220,816,253,827,269,815,276 Building* 680,236,722,189,789,305,741,334 Building* 662,256,694,310,667,327,668,339,632,362,649,391,632,402,626,393,634,388,621,368,588,388,563,347,578,329,598,326 Building* 694,310,667,326,667,340,701,320 Building* 701,320,718,349,650,391,632,362 Building* 588,388,606,417,631,402,626,393,633,388,621,368 Building* 387,370,578,329,563,347,606,418,465,504 House of Argus* 170,435,388,370,465,504,278,618 House of Aristides* 55,581,204,492,278,618,100,724 House of the Wattlework* 787,681,714,563,726,557,701,517,661,541,684,579,672,587,723,669,744,657,766,693 Building* 745,706,766,694,744,658,723,669 House of the Bronze Herm* 745,706,672,587,622,616,693,737 House of the Brick Altar* 662,755,693,737,622,616,590,634 Building* 662,755,631,774,558,652,589,634 House of the Skeleton* 653,438,701,518,661,541,684,580,589,634,521,518 Building* 488,538,521,518,560,585,527,604 House of the Hotel* 366,929,630,774,558,651,589,634,560,585,527,604,488,538,94,771,184,911,293,844 Temple of Venus* 191,907,293,845,381,946,369,955,497,1093,422,1160 Terrace of Nonius Balbus* 514,1100,615,1209,541,1278,442,1168 Suburban Baths* 615,1209,515,1302,583,1368,575,1378,629,1425,638,1416,697,1465,725,1432,707,1417,774,1337,644,1221,635,1230 House of Granianus* 604,1197,629,1178,656,1210,675,1217,688,1211,796,1312,774,1338,645,1221,635,1230 House of the Telephus Relief* 707,1418,726,1433,752,1453,822,1364,891,1416,1122,1255,1080,1228,1095,1201,959,1008,800,1105,891,1237,872,1253,882,1263,831,1323,814,1304,796,1312 House of the Gem* 629,1178,699,1134,717,1159,800,1106,891,1237,872,1252,883,1263,832,1323,814,1303,796,1312,689,1211,675,1217,657,1211 House of the Mosaic Atrium* 385,953,483,895,489,906,705,774,779,896,493,1077 House of the Stags* 604,1197,493,1078,780,896,790,914,820,895,826,905,846,892,861,913,850,921,855,928,845,934,841,927,817,943,869,1023,694,1127,699,1134,628,1178 House of the Fabric* 869,1023,931,983,894,932,869,948,855,928,845,934,841,927,817,943 House of the Alcove* 705,774,797,718,907,884,876,906,894,932,869,948,850,921,861,913,846,891,826,905,819,895,790,914 Building* 798,718,828,700,842,723,858,713,943,837,896,867 Building* 828,700,842,723,859,713,844,691 House of the Painted Papyrus* 844,691,879,670,957,786,923,807 Building* 916,648,993,764,957,786,879,670 Shop and Dwelling* 931,983,983,951,963,922,971,917,961,902,978,890,943,837,896,867,908,884,876,906 Building* 993,764,1014,794,979,816,1019,878,986,900,979,890,923,807 Building* 1031,820,997,843,980,816,1014,794 Building* 984,951,1009,934,986,900,978,890,961,902,971,917,963,923 Bar* 1010,934,986,900,1020,878,996,843,1032,820,1078,888 Samnite House* 944,627,1004,590,1014,605,1023,599,1049,639,1037,647,1069,697,1013,733 * 1004,590,1026,576,1061,632,1101,606,1114,627,1130,617,1159,663,1095,704,1084,688,1069,697,1036,647,1050,639,1023,599,1014,605 House of the Loom* 1026,577,1082,542,1131,617,1114,627,1101,606,1061,632 House of the Wooden Furniture* 1082,542,1142,505,1223,630,1163,669 Building* 1142,505,1171,488,1187,513,1176,520,1183,532,1175,537,1170,530,1162,535 Building* 1171,488,1195,474,1246,553,1256,548,1285,591,1223,630,1162,535,1170,530,1175,537,1183,532,1176,520,1187,513 House of the Beautiful Courtyard* 1195,474,1312,407,1327,431,1337,425,1360,461,1337,474,1337,482,1237,539 House of Apollo the Lyre-player* 1312,407,1378,369,1387,384,1408,371,1417,384,1442,370,1450,383,1426,397,1438,415,1360,461,1337,425,1327,431 Building* 1379,369,1425,342,1442,370,1417,384,1409,371,1387,384 Building* 1426,397,1450,383,1463,403,1438,415 Building* 1426,422,1445,451,1462,441,1471,457,1490,446,1463,403 House of the Bicentenary* 1502,465,1490,446,1471,457,1462,441,1445,451,1426,422,1338,474,1336,483,1237,539,1246,553,1255,548,1285,591,1314,633,1468,542,1454,517,1476,504,1460,479,1477,470,1481,477 Building* 1513,482,1475,504,1461,479,1476,470,1481,478,1502,465 Building* 1469,542,1528,506,1513,482,1454,517 Building* 1474,569,1541,528,1528,506,1461,546 Building* 1474,569,1488,592,1555,552,1541,528 Building* 1518,613,1572,580,1555,552,1500,585 Building* 1518,613,1506,621,1488,592,1500,585 Building* 1479,638,1461,609,1488,593,1506,621 Building* 1479,638,1461,609,1488,593,1461,547,1387,589,1417,636,1439,623,1458,651 Building* 1435,664,1457,651,1439,623,1417,636 Building* 1421,673,1403,644,1417,636,1435,664 Building* 1314,633,1326,651,1356,633,1393,689,1421,673,1403,644,1417,637,1388,590 Building* 1326,651,1363,708,1393,690,1357,633 House of the Corinthian Atrium* 1302,747,1363,708,1285,591,1224,630 House of the Wooden Shrine* 1251,780,1302,747,1224,630,1174,662 Building* 1222,799,1251,780,1228,745,1198,765 House with Garden* 1104,874,1059,806,1161,739,1135,701,1150,691,1140,675,1158,663,1162,669,1173,662,1228,745,1197,765,1221,799 Building* 1059,806,1085,788,1071,767,1044,784 House of the Grand Portal* 1013,733,1084,688,1095,704,1140,676,1150,691,1135,702,1161,739,1085,788,1072,767,1044,783 Upper Aula* 1592,614,1662,572,1777,751,1708,794 Palaestra* 1708,794,1911,1023,1427,1429,1166,1122,1230,1074,1207,1043,1189,1055,1100,931,1146,900,1240,1022,1225,1032,1247,1063,1345,984,1281,903,1312,881,1300,863,1372,811,1384,831,1418,808,1438,839,1548,760,1570,789,1597,770,1553,710,1580,692,1608,730,1649,703 Building* 1592,614,1649,703,1608,730,1545,644 Building* 1545,644,1519,661,1553,710,1580,692 Building* 1519,661,1490,679,1549,760,1570,789,1597,771 Shop no. 13* 1490,679,1549,760,1495,799,1458,745,1479,725,1460,698 Building* 1460,698,1435,714,1458,745,1479,725 Dye-shop no. 11* 1435,714,1495,798,1469,817,1409,730 Shop of the gem-cutter no. 10* 1409,730,1379,749,1438,838,1468,817 Wineshop of Antigonus no. 9* 1345,771,1384,831,1418,809,1379,749 Bakery of Patulcius Felix no. 8* 1234,845,1243,858,1234,864,1269,911,1312,882,1300,863,1372,812,1345,771 Building* 1234,845,1243,858,1234,864,1269,912,1281,903,1345,984,1247,1063,1225,1033,1240,1022,1188,954,1216,933,1226,946,1260,921,1213,858 Wineshop of Livius Alcimus no. 6* 1213,858,1177,881,1226,946,1260,920 Dye-shop no. 5* 1177,881,1146,900,1188,954,1216,934 Building* 1099,931,1078,945,1128,1016,1150,1001 Building* 1080,1140,1105,1175,1171,1129,1166,1123,1230,1073,1207,1044,1189,1055,1150,1002,1128,1016,1078,945,1032,974,1055,1008,1085,989,1129,1048,1108,1062,1135,1101 Building* 1080,1140,1135,1101,1108,1062,1129,1048,1085,990,1055,1008,1065,1023,1017,1055 Building* 983,1005,1032,974,1065,1023,1017,1055